ST	penA	mtrR	porB	ponA	gyrA	parC	23S
1	20	10	13	100	100	2	100
2	22	14	14	100	100	7	100
3	166	1	13	1	5	1	100
4	14	19	8	1	2	5	100
5	517	25	8	1	2	11	100
6	166	19	8	1	1	1	100
7	166	26	13	1	1	12	100
8	21	1	8	1	100	7	100
9	166	32	2	100	100	100	100
10	15	1	12	1	1	3	100
11	19	5	100	100	100	100	100
12	20	10	5	1	100	1	100
13	22	5	14	100	100	2	100
14	21	22	8	1	100	1	100
15	14	19	8	1	5	2	100
16	500	1	11	1	1	3	100
17	18	18	14	100	100	1	100
18	18	18	14	100	3	1	100
19	17	4	100	100	100	1	100
20	17	5	100	100	100	1	100
21	17	7	1	100	100	2	100
22	14	1	8	1	1	3	100
23	14	19	11	1	5	2	100
24	1521	25	8	1	9	1	100
25	14	33	12	1	2	5	100
26	21	1	8	1	1	3	100
27	21	1	8	1	1	3	2
28	21	1	8	1	2	4	100
29	21	1	8	3	1	3	100
30	21	1	8	3	1	3	1
31	21	1	8	4	1	14	100
32	21	1	8	4	1	3	100
33	21	34	8	1	1	3	100
34	21	35	8	3	100	7	100
35	876	1	8	1	1	3	2
36	1514	1	8	1	1	3	1
37	284	1	8	1	1	3	100
38	284	19	8	1	1	9	100
39	284	19	8	1	1	9	2
40	1595	22	8	1	2	3	2
41	284	36	8	1	3	7	100
42	294	10	3	100	100	1	100
43	294	10	3	100	100	1	6
44	1321	28	1	100	100	7	100
45	22	18	1	100	100	2	100
46	22	9	1	100	100	7	100
47	1323	25	1	1	100	2	100
48	1323	25	1	1	100	2	2
49	1323	25	1	1	8	2	100
50	1516	37	8	1	1	10	100
51	287	19	8	1	7	3	100
52	228	25	6	100	100	2	100
53	228	38	1	1	7	15	100
54	166	23	1	100	100	100	100
55	166	24	1	100	100	2	100
56	166	24	13	100	100	2	100
57	166	25	3	100	100	100	2
58	166	27	1	100	100	100	100
59	166	30	11	100	100	100	100
60	166	31	1	100	100	100	100
61	166	5	3	100	100	100	2
62	166	9	100	100	100	100	2
63	166	9	1	100	100	100	100
64	166	9	1	100	100	100	2
65	166	9	1	100	1	100	100
66	166	9	1	2	100	100	100
67	166	9	11	100	100	100	100
68	166	9	11	100	100	100	2
69	23	1	12	1	7	6	1
70	23	1	13	1	2	13	100
71	23	19	1	1	7	3	100
72	23	19	11	1	7	3	100
73	23	19	8	1	7	3	100
74	23	25	3	100	100	100	2
75	1508	9	1	100	1	100	100
76	290	19	8	1	7	8	100
77	1518	100	3	100	100	1	2
78	1519	100	3	100	100	1	2
79	20	100	3	100	100	1	2
80	20	1	3	100	100	1	2
81	1276	11	100	100	100	2	100
82	20	12	100	100	100	7	100
83	20	13	3	100	100	1	100
84	20	15	100	100	100	7	100
85	20	15	3	100	100	1	100
86	20	19	6	1	100	2	100
87	20	6	100	100	6	1	100
88	266	100	11	1	1	3	100
89	266	1	1	1	1	3	100
90	266	1	11	1	1	3	100
91	266	1	11	1	1	3	2
92	266	1	11	1	1	3	5
93	266	1	11	3	1	3	100
94	266	1	11	5	1	3	100
95	1240	1	1	1	1	3	100
96	1240	1	11	1	1	16	100
97	1240	1	11	1	1	3	100
98	1240	1	11	1	1	3	2
99	1240	1	11	3	1	3	100
100	1522	1	11	1	1	3	100
101	1523	1	11	1	1	3	100
102	289	1	11	1	1	3	100
103	1527	1	11	1	1	3	100
104	494	19	8	1	100	1	100
105	494	25	1	1	5	2	2
106	494	25	12	1	5	2	100
107	494	25	4	1	5	2	2
108	494	20	8	100	100	100	100
109	494	21	8	1	100	1	100
110	1531	5	100	100	4	1	100
111	1532	1	11	1	1	3	100
112	500	1	12	1	7	6	1
113	529	1	9	1	7	3	100
114	291	1	8	1	7	2	100
115	645	16	10	1	1	10	2
116	665	8	100	100	6	1	100
117	1533	19	8	1	100	1	100
118	1534	25	1	100	100	100	2
119	1535	100	3	100	100	1	2
120	1535	13	3	100	100	1	100
121	1536	16	10	1	1	10	100
122	1512	1	1	1	1	3	100
123	288	1	1	1	1	3	2
124	288	1	11	1	1	3	100
125	855	1	11	1	1	3	2
126	288	1	3	1	1	3	4
127	288	1	8	1	1	3	100
128	288	1	8	1	1	3	2
129	288	2	8	100	1	3	100
130	1513	1	1	1	1	3	2
131	1537	1	8	1	1	3	100
132	1538	1	11	3	1	3	100
133	1542	19	8	1	1	9	100
134	1543	1	11	1	1	3	100
135	1544	19	8	1	1	9	100
136	1546	1	11	1	1	3	100
137	285	1	100	1	100	2	100
138	285	1	7	1	100	2	100
139	285	1	8	1	100	2	100
140	285	1	8	1	100	2	3
141	285	25	100	1	100	2	100
142	285	25	1	1	100	2	100
143	285	25	10	1	100	2	100
144	285	25	3	100	100	2	100
145	21	1	8	4	1	3	2
146	1322	5	100	100	100	1	100
147	285	1	8	1	100	2	2
148	288	1	8	1	7	3	2
149	288	1	12	1	1	3	2
150	855	1	11	1	1	3	100
151	288	1	1	1	1	3	100
152	1539	1	11	1	1	3	100
153	20	11	100	100	100	2	100
154	1540	1	11	1	1	3	100
155	1545	19	8	1	1	9	100
156	1541	1	11	1	1	3	100
157	294	10	3	100	100	100	100
158	645	16	10	1	1	10	100
159	1529	10	3	100	100	1	100
160	1321	29	1	100	100	7	6
161	1321	5	1	100	100	7	6
162	294	1	100	1	100	2	100
163	288	1	3	1	1	1	100
165	645	16	11	1	1	10	100
167	645	9	13	100	100	100	100
168	166	39	11	100	7	4	100
169	20	25	1	100	100	1	100
170	1525	40	3	100	7	4	100
171	1515	28	1	100	100	7	6
172	1321	28	1	100	100	7	6
173	166	41	15	100	100	17	100
174	294	29	4	100	100	7	100
175	284	19	1	1	1	9	100
176	23	39	100	100	10	2	100
177	283	1	8	1	1	3	100
178	294	29	1	100	100	7	100
179	294	29	1	100	100	7	2
180	287	19	4	1	7	3	8
181	166	19	100	1	100	2	100
182	166	25	3	100	100	100	100
183	166	9	1	100	100	100	9
184	166	9	1	100	100	2	100
185	166	9	8	100	100	100	2
186	23	19	8	100	1	18	100
187	1509	25	3	100	100	100	2
188	1510	9	100	100	100	100	100
189	507	43	14	100	100	100	100
190	20	25	100	100	100	2	100
191	294	29	3	100	100	7	100
192	166	25	3	100	100	100	1
193	166	39	11	100	100	100	100
194	266	1	8	1	1	3	100
195	266	44	1	1	1	3	100
196	266	9	11	1	1	3	100
197	1549	1	11	1	1	3	100
198	285	25	16	1	100	2	100
199	288	1	8	1	7	3	100
200	291	16	13	1	7	3	100
201	287	19	8	1	1	9	100
202	23	19	8	1	7	3	1
203	287	1	8	1	7	15	2
204	285	1	8	1	1	15	100
205	1323	25	1	100	100	2	100
206	18	13	100	100	100	1	100
207	23	11	100	100	100	2	100
208	166	1	13	1	1	3	100
209	21	1	3	1	1	3	100
210	166	27	1	100	100	100	2
211	166	39	100	100	100	100	100
212	166	39	14	100	100	100	100
213	166	39	1	100	100	100	100
214	1550	3	1	100	100	2	2
215	17	5	11	100	100	1	100
216	166	48	100	100	100	19	10
217	294	49	3	100	7	20	100
218	288	2	8	1	1	3	100
219	166	46	1	100	100	1	100
220	1533	16	3	1	100	2	100
221	290	47	8	1	7	21	100
222	1147	1	100	1	100	2	2
223	166	9	1	100	100	100	1
224	166	50	1	1	100	1	2
225	288	1	8	1	1	3	1
226	545	1	8	1	2	5	100
227	1551	51	8	1	2	5	100
228	294	10	10	100	100	1	100
229	23	10	100	100	1	3	100
230	1520	15	100	100	100	7	100
231	23	42	100	100	10	2	100
232	14	25	12	1	2	5	100
233	1548	1	8	1	7	3	100
234	20	5	1	100	100	2	100
235	20	25	5	1	100	2	100
236	228	19	5	100	100	1	100
237	18	5	100	100	100	1	100
238	20	19	14	1	100	2	100
239	20	25	100	100	100	1	100
240	166	25	1	100	100	100	100
241	166	9	3	100	1	3	100
242	166	1	11	100	100	100	100
243	21	19	11	1	100	1	100
244	166	2	8	100	100	100	100
245	166	9	3	1	100	100	100
246	166	1	1	100	100	100	100
247	228	38	12	1	7	15	100
248	228	38	3	1	7	15	100
249	228	38	1	1	7	3	100
250	266	1	3	1	1	3	100
251	266	25	1	100	100	100	100
252	290	1	12	1	1	3	100
253	23	1	1	1	1	3	100
254	266	1	12	1	1	3	100
255	266	2	8	1	1	3	100
256	266	1	14	1	1	3	100
257	288	50	8	1	1	3	100
258	288	1	9	1	1	3	100
259	284	19	11	1	100	1	100
260	288	1	4	1	1	3	100
261	20	25	1	1	6	1	100
262	21	1	8	1	100	3	100
263	21	19	8	4	1	3	100
264	288	1	3	1	1	3	100
265	291	1	12	1	7	6	100
266	20	18	4	1	100	1	100
267	288	1	100	1	1	3	100
268	228	38	13	1	7	20	100
269	294	10	13	100	100	2	100
270	294	29	8	100	100	7	2
271	228	47	14	1	7	17	100
272	494	18	100	1	100	7	100
273	23	1	100	1	7	2	100
274	166	9	3	100	100	100	2
275	23	19	8	100	1	18	2
276	166	19	11	1	5	2	100
277	288	19	12	1	2	3	100
278	23	1	11	1	5	2	100
279	23	1	8	1	100	2	100
280	14	19	9	1	5	2	100
281	494	25	8	1	5	4	100
282	23	1	8	1	5	2	100
283	285	1	8	1	1	2	100
284	285	1	12	1	1	10	100
285	228	10	8	100	1	2	100
286	228	10	3	100	1	2	100
287	23	19	1	1	100	1	100
288	294	10	14	100	100	7	100
289	294	10	13	100	100	7	100
290	166	5	13	100	100	100	100
291	288	19	1	1	1	3	100
292	294	5	100	100	100	7	100
293	20	9	3	100	100	2	100
294	17	5	100	100	100	1	8
295	18	18	14	100	100	1	8
296	228	25	3	1	100	2	100
297	166	5	100	100	100	2	100
298	228	25	5	100	100	2	100
299	20	50	3	100	100	1	100
300	166	15	4	1	100	1	100
301	166	9	3	100	100	100	100
302	166	25	100	100	100	100	100
303	266	1	100	1	1	3	100
304	23	1	12	1	7	6	100
305	23	38	8	1	7	15	100
306	18	18	100	100	100	100	100
307	22	3	1	100	100	2	100
308	23	10	14	100	100	2	100
309	228	38	100	1	7	15	100
310	21	1	12	4	1	3	100
311	21	35	8	1	100	7	100
312	23	19	8	1	1	9	100
313	21	16	8	1	5	1	100
314	166	1	100	100	100	2	100
315	21	1	8	100	100	1	100
316	23	1	14	100	100	1	100
317	288	36	8	1	7	15	100
318	166	19	8	1	2	2	100
319	14	1	11	1	1	3	100
320	517	25	8	1	2	5	100
321	14	19	11	1	2	5	100
322	285	1	13	1	1	2	100
323	494	1	8	1	2	10	100
324	228	25	14	1	2	10	100
325	285	1	11	1	1	2	100
326	494	25	100	1	2	10	100
327	494	1	8	1	2	9	2
328	22	19	8	1	100	2	100
329	14	19	1	1	2	5	100
330	14	19	8	1	5	5	100
331	494	22	8	1	100	1	100
332	517	25	8	1	5	2	100
333	228	9	12	1	7	15	100
334	166	1	8	1	5	1	100
335	288	1	8	1	1	6	100
336	21	5	4	1	100	7	100
337	23	48	100	100	1	18	100
338	166	19	13	1	100	100	100
339	166	18	100	100	100	2	100
340	294	29	1	100	100	2	100
341	494	1	8	1	100	2	100
342	228	10	14	100	100	1	100
343	20	5	14	100	100	2	100
344	285	1	3	1	1	2	100
345	291	1	8	1	7	3	100
346	287	1	12	1	7	3	100
347	285	1	8	1	7	3	100
348	14	33	8	1	2	5	100
349	20	10	14	1	100	1	100
350	294	1	13	100	100	2	100
351	23	18	14	1	100	1	100
352	294	10	100	100	100	7	100
353	228	10	3	100	100	7	100
354	228	10	8	100	100	7	100
355	23	18	3	100	100	100	100
356	166	10	100	100	1	18	100
357	294	10	14	100	100	2	100
358	166	10	3	100	1	18	100
359	23	10	14	100	100	100	100
360	166	35	3	100	1	18	100
361	494	18	14	100	100	1	100
362	294	18	3	100	100	2	100
363	21	18	8	1	100	7	100
364	20	25	4	100	100	2	100
365	22	5	1	100	100	2	100
366	20	19	5	1	100	2	100
367	19	25	4	100	100	2	100
368	23	19	8	1	100	1	100
369	18	5	3	100	100	2	100
370	228	25	13	100	100	2	100
371	20	5	100	100	6	1	100
372	285	25	6	1	100	2	100
373	285	25	8	1	100	2	100
374	20	11	14	100	100	2	100
375	285	25	9	1	100	2	100
376	228	25	4	1	3	2	100
377	285	1	8	1	1	3	100
378	17	25	4	100	100	2	100
379	288	1	7	1	1	3	100
380	517	25	100	1	5	2	100
381	288	2	3	1	1	3	100
382	166	9	4	100	100	100	100
383	20	25	1	100	1	1	100
384	294	10	100	100	100	1	100
385	288	18	3	1	1	3	100
386	288	5	1	1	1	3	100
387	288	15	100	1	1	3	100
388	20	25	4	100	100	1	100
389	288	38	1	1	7	15	100
390	20	25	1	100	100	2	100
391	22	18	3	100	100	2	100
392	285	9	1	100	100	100	100
393	20	5	3	100	100	2	100
394	166	25	14	100	100	100	100
395	285	1	3	1	100	2	100
396	288	1	3	1	1	3	2
397	289	1	1	1	1	3	100
398	166	1	3	100	100	100	2
399	20	25	1	100	100	1	2
400	166	1	100	1	100	2	2
401	23	1	8	1	1	3	100
402	228	50	100	100	100	2	100
403	288	2	100	1	1	3	100
404	288	1	10	1	1	3	100
405	20	18	14	100	100	2	100
406	18	45	100	100	100	1	100
407	23	1	8	100	100	2	100
408	21	1	1	4	1	3	100
409	166	1	8	1	1	3	100
410	294	29	100	100	100	7	100
411	166	1	1	1	1	3	100
412	20	9	11	100	100	100	100
413	166	9	5	100	100	100	100
414	20	25	1	100	100	100	100
415	166	9	3	1	100	100	2
416	23	19	3	1	7	3	100
417	166	39	11	100	100	100	2
418	23	11	100	100	100	2	2
419	645	16	1	1	1	10	100
420	23	1	8	1	7	2	100
421	21	1	8	1	1	3	1
422	18	18	100	100	100	2	100
423	294	24	1	100	100	7	100
424	20	15	100	100	100	7	6
425	228	25	12	1	7	20	100
426	23	40	13	100	7	4	100
427	23	40	100	100	7	4	100
428	287	1	8	1	7	3	100
429	166	9	11	100	7	100	100
430	23	19	100	1	7	3	100
431	294	18	14	100	7	18	100
432	294	1	1	1	100	2	100
433	228	47	3	1	7	17	100
434	294	50	1	100	100	7	100
435	1321	29	10	100	100	7	100
436	23	40	100	100	7	3	100
437	21	35	3	1	2	3	100
438	166	25	8	100	1	4	100
439	166	9	1	100	100	1	100
440	166	50	1	100	100	100	100
441	285	25	11	100	100	2	100
442	166	1	1	1	100	2	100
443	21	1	12	1	1	3	100
444	1240	1	14	1	1	17	100
445	287	10	100	1	7	20	100
446	507	19	5	1	100	2	100
447	166	9	8	1	100	100	100
448	17	15	100	100	100	7	100
449	228	18	13	1	7	2	100
450	166	9	1	1	100	100	100
451	23	19	3	1	100	2	100
452	284	19	11	1	1	9	100
453	166	9	11	100	100	1	100
454	266	9	1	100	100	100	100
455	228	10	100	1	7	15	100
456	1323	3	1	100	100	2	100
457	283	1	1	1	1	3	100
458	287	1	100	1	7	3	100
459	266	3	11	1	1	3	100
460	22	1	1	1	100	2	100
461	166	25	1	100	100	2	100
462	21	1	100	1	1	3	100
463	294	10	100	100	100	2	100
464	23	18	100	100	1	18	100
465	166	1	100	1	100	2	100
466	23	10	14	100	100	1	100
467	166	9	13	100	100	100	100
468	294	10	3	100	100	7	100
469	507	10	100	100	100	1	100
470	23	1	8	1	7	3	100
471	494	25	1	1	5	2	100
472	20	10	14	1	100	2	100
473	20	25	1	1	100	1	100
474	228	15	11	1	100	7	100
475	166	15	1	100	100	1	100
476	166	16	1	1	1	10	100
477	288	1	12	1	1	3	100
478	228	47	13	1	7	17	100
479	23	19	3	100	1	18	100
480	645	16	3	1	1	10	100
481	23	25	3	100	100	100	100
482	166	25	13	100	100	100	100
483	166	10	13	1	100	1	100
484	14	1	3	1	100	7	100
485	14	1	8	1	2	5	100
486	14	25	8	1	7	53	100
487	14	33	11	1	2	5	100
488	14	33	4	1	2	5	100
489	14	47	12	1	7	21	100
490	14	47	8	1	7	21	100
491	21	1	9	1	1	3	100
492	21	16	8	1	2	5	100
493	284	1	9	1	7	22	100
494	284	16	11	1	7	6	100
495	284	19	8	1	7	53	100
496	284	19	9	1	1	9	100
497	284	25	8	1	7	53	100
498	294	22	8	1	100	24	100
499	287	1	11	1	1	22	100
500	287	16	8	1	1	3	100
501	287	36	8	1	2	24	100
502	228	19	8	1	7	21	100
503	507	25	13	1	2	10	100
504	290	1	12	1	7	52	100
505	290	1	8	1	1	39	1
506	290	1	8	1	7	52	100
507	266	1	11	1	7	3	100
508	529	1	10	1	7	3	100
509	529	1	11	1	1	52	100
510	529	1	11	1	7	15	100
511	529	1	12	1	7	3	100
512	529	1	8	1	2	3	100
513	529	1	8	1	7	15	100
514	529	1	8	1	7	3	100
515	291	19	8	1	7	3	1
516	645	1	10	1	7	10	100
517	288	1	13	1	7	3	100
520	294	130	3	100	100	2	100
522	294	159	1	100	100	7	100
524	1321	29	1	100	100	7	100
526	22	3	1	100	100	56	100
533	23	18	3	100	100	2	100
534	23	40	1	100	7	3	100
539	291	122	1	100	7	6	100
543	357	25	3	100	100	100	100
545	17	52	100	100	100	2	100
546	20	53	3	1	100	2	100
547	23	160	14	1	100	1	100
548	22	55	100	100	100	1	100
549	166	56	1	100	100	100	2
550	166	1	100	6	100	2	100
551	17	57	100	100	100	2	100
552	285	58	8	1	100	2	100
553	228	161	100	1	7	15	100
554	287	59	8	1	7	3	100
556	21	1	8	1	1	23	100
557	291	1	12	1	7	24	100
558	21	1	8	1	1	25	100
559	23	54	100	100	1	22	100
561	285	1	12	1	1	22	100
562	294	161	8	100	100	7	100
563	22	60	100	100	100	2	100
564	166	54	100	100	100	2	100
565	18	61	100	100	11	2	100
567	228	38	12	1	7	26	100
568	22	62	100	100	100	2	100
569	166	19	26	1	5	2	100
570	166	19	8	1	5	28	100
571	21	1	8	1	12	1	100
572	288	63	8	1	1	10	100
573	23	54	13	100	100	17	100
574	17	57	1	100	100	2	100
575	166	1	8	100	3	28	100
576	23	19	13	100	1	29	100
577	23	54	100	100	1	4	100
578	23	54	14	100	100	17	100
579	285	1	13	1	1	30	100
580	23	54	19	100	1	4	100
581	23	57	11	100	1	31	100
583	507	48	1	100	1	32	10
584	20	65	2	100	100	7	100
585	21	66	8	1	100	7	100
586	294	67	14	100	100	2	100
587	21	68	8	1	100	7	100
588	18	18	14	100	100	1	12
590	288	69	100	1	1	3	100
591	228	25	100	1	7	33	100
592	23	54	13	100	1	18	100
593	20	25	100	100	100	35	6
595	20	54	13	1	100	100	100
597	288	19	12	1	2	36	100
598	166	1	8	1	1	31	100
599	166	54	14	100	100	1	100
601	23	19	8	100	14	1	100
602	23	70	11	100	5	2	100
603	166	1	23	1	5	1	100
604	294	69	100	1	100	1	100
605	166	5	100	1	3	37	100
606	23	54	14	100	1	22	100
607	20	1	8	1	5	38	100
608	17	54	14	100	100	7	100
609	288	1	8	1	1	39	100
611	228	71	13	1	7	1	100
614	285	1	20	1	1	2	100
615	285	18	3	1	1	22	100
616	166	72	3	100	2	40	100
617	228	73	10	100	1	2	100
618	494	1	12	1	2	22	100
620	228	18	13	1	15	20	100
622	228	69	13	100	7	20	100
623	18	18	14	7	100	1	100
625	23	54	14	100	1	4	100
626	23	70	8	100	5	2	100
627	266	1	11	1	1	23	100
628	294	10	13	100	7	41	100
629	20	75	14	100	100	2	100
630	507	76	3	100	100	1	100
631	21	161	12	1	16	42	100
632	228	25	13	1	7	43	100
633	23	77	4	100	1	44	100
635	285	10	27	1	1	22	100
636	166	54	13	1	2	7	100
637	285	1	13	1	2	45	100
638	285	10	100	100	2	46	13
639	228	25	8	1	7	43	100
640	287	59	100	1	7	47	100
641	284	1	8	1	7	22	100
642	287	79	8	1	2	24	100
643	529	1	100	1	7	48	100
644	18	18	14	100	100	7	14
645	23	81	100	100	100	2	100
646	23	57	14	1	100	1	100
647	166	82	13	100	100	2	100
648	166	57	3	100	100	2	100
649	23	84	14	100	100	100	100
650	17	85	8	100	100	2	100
651	228	82	14	100	100	7	100
652	17	54	8	100	100	2	100
653	228	25	4	1	7	43	100
654	166	82	3	100	100	2	100
655	23	86	3	100	100	2	100
656	494	57	3	100	100	7	100
657	294	87	13	1	7	15	100
658	17	54	14	100	100	1	100
659	22	161	14	100	100	1	100
660	18	88	100	100	100	100	100
661	22	161	100	100	100	1	100
662	22	89	100	100	100	1	100
663	18	54	100	100	100	1	100
664	19	90	100	100	100	2	100
665	19	160	14	100	100	1	100
666	20	22	30	1	100	1	100
667	166	91	8	100	100	7	100
668	294	92	100	1	1	22	100
669	20	93	3	100	100	2	100
672	23	94	4	1	100	1	100
673	20	19	6	1	17	2	100
674	290	69	11	1	1	3	100
676	285	58	3	1	100	2	100
677	285	58	100	1	100	2	100
678	285	58	13	100	100	7	100
679	294	69	1	100	100	7	100
681	20	104	100	100	100	7	100
682	23	54	14	1	1	22	100
683	20	54	100	100	100	2	100
684	228	38	1	1	7	26	100
685	665	57	3	100	6	1	100
686	20	25	35	100	100	1	100
687	285	105	100	1	100	2	100
688	20	104	3	100	100	7	100
689	285	25	35	1	100	2	100
690	23	106	100	100	100	2	100
691	166	107	100	100	100	100	100
692	228	108	1	1	100	7	100
693	288	109	3	1	1	3	100
694	285	105	14	1	100	7	100
695	20	104	3	100	100	7	2
696	288	110	8	1	1	3	100
697	290	1	1	1	1	3	100
698	166	25	3	100	100	7	16
699	285	111	8	1	100	2	100
700	21	112	8	1	1	3	100
701	287	36	12	1	2	24	2
702	285	113	4	1	100	2	100
705	285	58	1	1	100	2	100
706	21	1	23	1	1	3	100
707	23	114	8	100	1	18	100
708	23	54	4	100	1	22	100
709	266	1	11	1	1	3	17
710	14	33	37	1	2	5	100
713	17	129	100	100	100	1	100
714	23	89	13	100	7	4	100
715	228	124	100	100	1	20	100
716	23	134	100	100	100	2	100
717	166	135	1	100	100	100	100
718	291	54	14	100	1	22	100
719	23	89	100	100	7	4	100
720	266	64	11	1	1	3	100
721	21	74	8	1	2	49	100
722	17	137	100	100	100	1	100
723	17	138	100	100	100	54	100
724	23	139	100	100	100	2	100
725	17	136	100	100	100	1	100
726	294	58	1	100	7	20	100
727	645	16	10	1	1	45	2
728	23	141	14	1	1	18	100
729	22	142	100	100	100	2	100
730	17	143	100	100	100	1	100
731	20	25	43	100	100	2	100
732	228	124	3	100	1	20	100
733	166	145	1	1	100	1	100
734	23	69	4	1	7	20	100
735	17	54	3	100	100	2	100
736	20	15	100	100	100	57	100
737	1323	146	14	100	100	2	100
738	22	88	100	100	100	2	100
739	288	147	8	1	1	3	100
740	23	54	100	1	1	18	100
741	20	148	3	100	100	1	100
743	228	149	14	1	7	15	100
744	288	150	100	1	1	3	100
745	20	73	3	1	100	2	100
746	23	19	45	100	1	18	100
747	20	151	3	100	100	1	100
748	291	1	11	1	7	24	100
749	17	103	100	100	100	1	100
750	294	152	100	100	100	7	100
751	285	105	5	100	100	2	100
752	23	19	8	100	1	31	100
753	166	123	13	1	100	1	100
754	166	123	14	1	100	1	100
755	166	123	13	1	100	100	100
758	266	1	100	1	1	3	2
769	228	38	1	1	7	15	9
774	20	15	3	100	100	7	100
776	285	10	3	100	1	49	100
777	294	29	13	100	100	7	100
778	23	40	13	100	7	4	16
779	23	40	13	100	7	55	100
780	23	19	3	1	7	3	9
783	502	1	1	1	1	3	100
798	23	19	13	1	7	3	100
801	294	49	13	100	7	20	100
803	515	1	3	1	100	2	100
806	22	25	1	100	100	100	2
810	166	25	1	100	100	100	2
827	23	125	14	1	100	7	100
828	23	19	9	1	7	3	1
829	166	123	14	1	100	100	100
830	166	16	13	100	1	18	100
831	228	47	12	1	7	20	100
832	1147	1	100	1	100	2	100
833	23	10	14	100	1	26	100
836	515	54	14	1	7	20	100
837	23	54	19	100	100	2	100
838	20	127	3	100	100	7	100
839	166	123	14	100	100	1	100
840	166	123	100	1	100	1	100
841	20	123	100	100	100	1	100
842	166	123	100	1	20	1	100
843	166	123	14	1	20	1	100
844	166	123	100	1	100	100	100
845	166	9	100	100	100	100	100
846	18	5	100	100	100	2	100
847	17	1	14	1	7	2	100
848	17	15	14	100	100	7	100
849	17	18	100	1	7	2	100
850	17	162	1	100	100	1	100
851	1239	5	100	100	100	1	100
852	1928	5	100	100	100	1	100
853	14	1	12	1	1	3	100
854	14	19	8	1	1	3	100
855	14	25	8	1	1	5	100
856	286	1	8	1	100	2	100
857	21	1	11	1	1	3	100
858	21	19	8	1	1	3	100
859	294	5	3	100	100	7	100
860	294	9	1	100	100	100	100
861	294	10	100	1	7	7	100
862	294	10	100	1	100	7	100
863	294	10	100	100	100	3	100
864	294	11	100	100	100	2	100
865	294	18	100	100	100	2	100
866	294	29	8	100	100	7	100
867	22	5	100	100	100	2	100
868	228	5	4	1	7	33	100
869	228	10	13	1	7	26	100
870	228	15	100	1	7	15	100
871	228	24	12	1	7	15	100
872	228	25	4	1	7	33	100
873	228	25	16	1	7	43	100
874	228	38	11	1	7	55	100
875	228	38	12	1	7	55	100
876	228	38	21	1	7	15	100
877	228	38	100	1	7	55	100
878	228	64	4	1	7	33	100
879	228	139	100	1	7	3	100
880	228	163	12	100	1	2	100
881	166	1	3	100	1	100	2
882	166	9	1	100	100	100	6
883	166	9	8	100	100	100	100
884	166	9	8	100	1	100	100
885	166	16	19	100	1	18	100
886	166	164	100	100	1	18	100
887	23	10	100	1	100	1	100
888	23	10	13	100	7	20	100
889	23	1	13	1	7	3	100
890	23	1	13	100	7	4	100
891	23	18	14	100	1	18	100
892	23	18	100	1	1	18	100
893	23	18	100	100	100	2	100
894	23	18	100	1	7	2	100
895	23	19	12	1	7	3	100
896	23	19	100	100	1	18	100
897	23	40	12	100	1	4	100
898	23	40	100	100	1	4	100
899	23	54	14	100	1	20	100
900	23	140	3	1	7	3	100
901	166	16	14	100	1	18	100
902	166	24	11	100	100	2	100
903	166	25	8	100	100	100	100
904	166	25	11	100	100	100	100
905	166	161	14	100	100	7	100
906	515	10	4	100	1	55	100
907	515	19	13	1	2	10	100
908	1235	9	1	100	100	100	100
909	290	1	11	1	7	3	100
910	290	1	8	1	7	62	100
911	20	25	8	100	100	1	100
912	20	50	3	100	22	1	100
913	20	150	100	100	100	2	100
914	20	25	17	100	100	1	100
915	1517	54	14	100	100	2	100
916	1517	54	11	100	100	2	100
917	1930	15	100	100	100	7	100
918	1521	1	10	1	1	25	100
919	266	16	8	1	7	3	100
920	266	1	8	1	7	3	2
921	266	1	11	1	7	62	100
922	266	1	16	1	1	3	100
923	266	165	11	1	1	3	100
924	266	69	100	1	1	3	100
925	266	1	11	1	100	3	100
926	1608	1	11	1	1	3	100
927	494	1	8	1	1	3	100
928	494	36	8	1	100	2	100
929	529	1	4	1	7	15	100
930	645	16	10	1	7	10	100
931	645	16	100	1	1	10	100
932	645	16	12	1	1	10	100
933	645	16	10	1	1	45	100
934	288	1	21	1	1	3	100
935	288	1	1	1	1	23	100
936	288	1	8	1	1	23	100
937	288	1	14	1	1	3	100
938	288	1	16	1	1	3	100
939	288	2	11	100	1	3	100
940	288	10	8	1	1	3	100
941	288	10	12	1	1	3	100
942	288	10	14	1	1	3	100
943	357	25	3	100	100	100	16
944	504	25	16	100	100	27	100
945	504	25	4	100	100	27	6
946	504	25	4	100	100	27	100
947	504	50	3	100	100	7	100
948	509	1	8	1	7	3	2
949	509	54	14	100	7	20	100
950	1320	125	14	1	7	17	100
951	531	1	11	1	1	3	100
952	547	1	11	1	1	3	100
953	664	16	10	1	1	10	100
954	813	9	1	100	100	100	100
955	1234	3	1	100	100	2	100
957	1301	19	14	100	7	3	100
958	285	1	13	1	1	22	100
959	285	25	1	100	100	100	100
960	285	1	14	1	1	22	100
961	663	58	3	1	100	2	100
962	17	171	100	100	100	1	100
963	17	175	100	100	100	1	100
964	17	171	100	100	100	1	19
965	1936	9	3	100	100	100	100
966	294	10	13	100	7	64	100
967	228	25	12	1	7	65	100
968	228	166	3	1	7	61	100
969	228	166	11	1	7	61	100
970	228	167	3	1	7	61	100
971	1937	38	12	1	7	55	100
972	166	166	100	100	100	100	100
973	166	170	13	1	100	1	100
974	166	170	1	1	100	1	100
975	166	172	16	1	1	4	100
976	166	177	8	1	14	2	100
977	23	169	100	100	100	100	100
978	23	173	14	100	100	2	100
979	23	174	8	100	1	4	100
980	23	176	100	100	1	4	100
981	1931	88	100	100	100	63	100
982	1927	1	3	1	100	2	100
983	1935	9	3	100	100	100	100
984	1929	168	100	100	100	7	100
985	1932	1	11	1	1	3	100
986	1938	16	10	1	1	10	100
987	357	25	3	100	100	100	18
988	1933	10	1	100	100	7	100
989	2248	19	8	1	100	1	100
991	1934	18	100	100	100	2	100
992	20	178	100	100	100	2	100
993	14	51	37	1	2	41	100
994	266	1	11	1	1	3	16
995	166	24	1	100	1	2	100
996	1548	19	8	1	7	3	1
997	266	118	10	1	1	3	100
998	14	19	1	1	1	3	100
999	266	118	11	1	1	3	100
1000	23	47	14	1	7	22	100
1001	266	117	11	1	1	3	100
1002	291	1	4	1	7	24	100
1003	23	40	13	100	7	1	100
1004	854	19	8	100	1	18	100
1005	22	5	11	100	100	2	100
1006	1238	10	13	100	7	20	100
1007	285	1	11	1	100	2	100
1008	511	1	8	1	1	3	100
1009	284	1	3	1	1	3	100
1010	266	38	12	1	7	15	100
1011	284	19	8	1	7	9	100
1012	266	1	11	1	23	3	100
1016	20	15	3	100	100	60	100
1017	294	10	3	100	10	60	1
1018	266	1	11	1	1	3	1
1019	266	10	11	100	1	3	100
1020	281	10	13	100	100	7	17
1021	294	10	3	100	100	2	100
1022	21	29	11	100	100	7	100
1023	1549	36	11	1	100	7	100
1024	21	36	11	1	100	7	100
1025	288	1	13	1	1	3	2
1026	166	1	1	1	100	2	2
1027	23	19	8	1	7	3	2
1028	22	3	1	100	100	2	2
1029	1321	29	1	100	100	7	7
1030	166	1	11	100	7	3	100
1031	166	1	1	100	7	3	100
1032	166	179	1	100	100	1	100
1033	23	123	14	1	100	1	100
1034	1502	39	11	100	100	100	100
1035	1778	29	8	100	100	7	2
1036	1779	29	8	100	100	7	2
1037	1780	16	10	1	1	10	100
1038	1444	25	3	100	100	100	2
1039	166	39	11	100	7	4	2
1040	166	39	31	100	7	4	100
1041	282	39	11	100	7	4	100
1042	166	39	11	100	7	4	19
1043	166	180	31	100	7	4	100
1044	294	39	31	100	7	4	100
1046	1321	29	3	100	100	7	6
1047	287	25	13	1	1	3	100
1049	23	40	100	100	1	3	100
1050	288	10	1	1	1	3	100
1051	23	10	100	100	1	59	100
1052	228	181	12	1	7	55	100
1053	285	58	1	1	100	2	14
1054	285	10	100	1	1	49	100
1055	287	59	100	1	7	3	100
1056	287	16	3	1	1	3	100
1057	266	29	1	100	100	7	6
1058	288	38	3	1	1	3	100
1059	645	58	10	1	1	10	100
1060	712	42	100	100	10	2	2
1061	1321	15	1	100	100	7	6
1062	1321	5	3	100	100	7	6
1064	294	10	14	100	100	1	6
1065	294	10	3	100	100	1	9
1066	166	183	1	100	100	100	100
1067	1321	184	1	100	100	7	6
1068	20	15	3	100	100	67	100
1069	23	182	100	100	100	2	100
1070	1328	10	14	100	100	1	100
1071	527	5	100	100	100	2	100
1072	538	161	100	100	100	1	100
1073	1328	18	100	100	100	1	100
1074	18	54	100	100	100	2	100
1075	18	5	14	100	100	1	100
1076	536	5	13	100	11	7	100
1077	536	160	14	100	100	1	100
1078	18	54	14	100	100	2	100
1079	22	54	100	100	100	7	100
1080	18	54	100	100	100	7	100
1081	527	14	100	100	100	7	100
1082	17	10	100	100	100	2	100
1083	18	18	100	100	11	1	100
1084	19	90	14	100	100	2	100
1085	18	5	14	100	100	2	100
1086	537	54	14	100	100	1	100
1087	536	160	14	100	100	2	100
1088	537	161	100	100	100	1	100
1089	527	88	14	100	100	7	100
1090	536	18	14	100	100	100	100
1091	536	18	100	100	100	100	100
1092	228	54	100	100	1	22	100
1093	294	10	100	100	14	2	100
1094	294	14	100	100	100	1	100
1095	23	54	13	100	1	4	100
1096	228	38	13	1	7	15	100
1097	228	38	100	1	7	26	100
1098	23	18	100	1	5	6	100
1099	21	4	3	100	100	1	100
1100	284	1	100	1	7	21	100
1101	284	19	8	1	1	31	100
1102	287	1	4	1	7	3	100
1104	287	19	12	1	7	3	100
1105	166	1	11	1	1	22	100
1107	494	1	12	1	7	3	100
1108	23	1	11	1	7	100	100
1109	1516	1	8	1	1	3	100
1110	287	139	8	1	7	1	100
1111	287	47	8	1	7	21	100
1112	290	47	4	1	7	21	100
1113	538	161	14	100	100	1	100
1114	539	161	14	100	100	1	100
1115	20	19	100	1	100	2	100
1116	19	25	14	100	100	2	100
1117	19	25	100	100	100	2	100
1118	290	1	8	1	7	3	100
1119	527	19	100	1	100	1	100
1120	20	25	14	100	100	2	100
1121	20	22	100	1	100	1	100
1122	228	14	3	100	100	100	100
1123	166	5	14	100	100	100	100
1124	1526	40	100	100	7	4	100
1125	509	10	14	100	1	4	100
1126	166	54	14	100	1	22	100
1127	1780	16	1	1	1	10	100
1128	23	10	100	100	100	7	100
1129	291	54	100	100	1	22	100
1130	1516	1	100	1	1	3	100
1131	291	54	14	1	7	20	100
1132	20	98	100	1	1	49	100
1133	1548	1	11	1	7	3	100
1134	1836	89	100	100	7	4	100
1135	1834	25	8	1	2	4	100
1136	515	22	13	1	1	24	100
1137	287	47	100	1	7	3	100
1138	21	22	8	1	16	24	100
1139	23	89	1	100	7	4	100
1140	21	16	24	1	7	6	100
1141	287	36	8	1	7	24	100
1142	290	19	12	1	7	3	100
1143	1548	1	12	1	7	3	100
1144	290	19	4	1	7	3	100
1145	14	33	10	1	2	5	100
1146	284	1	11	1	1	1	100
1147	284	19	12	1	7	53	100
1148	288	1	12	1	7	3	100
1149	290	19	13	1	7	3	100
1150	290	19	12	1	7	8	100
1151	284	19	4	1	1	9	100
1152	166	1	8	1	1	52	100
1153	23	1	11	1	2	23	100
1154	228	10	3	100	1	20	100
1155	529	16	4	1	7	6	100
1156	287	1	9	1	7	1	12
1157	290	19	8	1	7	3	100
1158	1525	36	8	1	7	4	100
1159	529	33	4	1	2	5	100
1160	23	16	13	1	7	6	100
1161	287	1	21	1	7	3	100
1162	284	33	9	1	2	5	100
1163	290	16	13	1	7	8	100
1164	284	25	12	1	7	53	100
1165	288	1	8	1	7	23	100
1166	14	33	9	1	2	5	100
1167	287	19	11	1	7	3	100
1168	266	40	12	100	1	34	100
1169	23	40	11	100	7	3	100
1170	14	33	13	1	2	5	100
1171	287	1	11	1	1	52	100
1172	290	1	4	1	1	39	1
1173	290	19	8	1	7	3	1
1174	529	19	8	1	2	15	100
1175	14	36	8	1	2	24	100
1176	284	1	12	1	1	9	100
1177	290	19	4	1	7	8	100
1178	287	1	13	1	7	3	100
1179	284	1	8	1	7	3	100
1180	284	1	4	1	7	22	100
1181	290	1	10	1	7	3	100
1182	290	19	12	1	7	25	100
1183	291	1	8	1	15	3	100
1184	525	33	8	1	2	5	100
1185	294	1	13	1	7	3	100
1186	291	14	8	100	1	38	100
1187	284	22	8	1	16	24	100
1188	855	33	8	1	2	5	100
1191	14	47	11	1	7	21	100
1192	529	16	12	1	7	6	100
1194	515	25	13	1	2	10	100
1195	287	89	8	1	7	24	100
1196	1516	1	12	1	1	3	100
1197	23	1	9	1	7	3	100
1198	290	78	12	1	7	52	100
1199	284	70	8	1	7	53	100
1200	23	54	14	100	7	22	100
1201	509	10	14	100	7	20	100
1202	23	89	14	100	7	20	100
1203	23	89	14	100	7	4	100
1204	23	89	12	100	7	4	100
1205	294	76	3	1	1	22	100
1206	285	89	12	1	1	22	100
1207	23	38	13	1	7	18	100
1208	291	89	12	1	7	24	100
1209	285	89	8	1	1	22	100
1210	166	10	19	100	1	22	100
1211	228	24	10	1	7	15	100
1212	23	10	14	1	7	20	100
1213	515	19	14	1	2	10	100
1214	288	15	14	1	1	3	100
1215	23	18	14	1	1	3	100
1216	284	19	12	1	1	9	100
1217	288	1	46	1	7	3	100
1218	285	1	12	1	100	2	100
1219	14	16	10	1	1	10	100
1220	291	54	100	100	7	6	100
1221	23	42	3	100	10	2	100
1222	287	25	12	1	7	43	100
1223	228	38	14	1	7	15	100
1224	23	18	19	100	1	18	100
1225	284	19	3	1	1	9	100
1226	228	54	13	1	1	26	100
1227	228	163	13	100	7	20	100
1228	228	47	8	1	7	17	100
1229	14	25	8	1	2	5	100
1230	228	33	100	1	7	15	100
1231	228	19	13	1	7	26	100
1232	14	33	21	1	2	5	100
1233	645	191	10	1	1	10	100
1234	287	192	8	1	1	3	100
1236	14	33	100	1	2	5	100
1237	166	54	8	100	1	49	100
1238	228	54	13	1	7	20	100
1239	288	1	8	100	1	3	23
1240	1820	33	100	1	2	75	100
1241	228	201	13	1	7	20	100
1244	228	5	14	100	100	2	22
1245	166	203	100	1	100	1	100
1246	14	33	24	1	2	5	100
1247	294	194	13	1	7	49	100
1249	228	24	11	1	7	15	100
1250	228	195	14	1	7	17	100
1251	166	39	14	100	7	100	100
1252	166	39	4	100	100	100	100
1253	23	196	14	1	7	17	100
1254	23	19	14	1	7	3	100
1255	23	10	3	100	1	22	100
1256	23	89	13	100	7	20	100
1257	23	69	14	100	1	18	100
1258	266	1	11	1	1	74	100
1259	288	1	35	1	1	3	100
1260	509	163	14	100	7	73	100
1261	509	201	14	100	1	68	100
1262	23	10	3	1	1	4	100
1265	539	86	100	100	100	2	100
1266	23	40	8	100	7	4	100
1267	17	5	1	100	100	1	100
1268	392	25	3	100	100	100	100
1269	294	197	3	100	100	15	100
1270	23	40	12	1	7	4	100
1271	23	10	100	100	1	22	100
1272	285	25	12	1	1	69	100
1273	166	25	3	100	1	4	100
1274	166	10	100	100	7	20	100
1275	23	10	100	100	1	26	100
1276	22	142	100	100	100	70	100
1277	166	10	100	1	7	26	100
1278	166	101	100	100	100	100	12
1279	285	132	8	1	1	9	100
1280	285	10	27	1	1	60	100
1281	285	105	100	100	100	2	100
1282	228	47	100	1	7	17	100
1283	294	10	13	1	7	76	100
1284	23	54	100	100	7	22	100
1286	166	54	1	100	1	18	100
1287	23	89	1	100	7	72	100
1289	23	19	10	1	7	3	100
1291	166	24	1	100	100	2	21
1292	23	199	100	100	1	22	100
1293	228	47	100	1	7	71	100
1294	23	199	100	100	7	22	100
1295	23	1	1	100	100	2	100
1296	228	198	100	1	7	15	100
1297	228	69	3	100	1	20	100
1298	23	15	1	100	100	7	100
1299	228	124	11	100	1	20	100
1300	23	40	11	100	7	15	100
1301	228	1	12	1	7	43	100
1302	284	19	8	1	21	33	100
1303	23	10	13	100	7	2	100
1304	228	18	14	1	7	15	100
1305	645	16	100	1	1	45	100
1306	285	1	8	100	7	3	100
1307	294	54	13	100	1	59	100
1308	294	18	14	100	7	20	100
1309	515	54	13	100	7	20	100
1311	294	18	14	100	7	79	100
1312	228	209	3	1	7	15	100
1313	228	206	14	1	7	15	100
1314	166	5	3	100	2	77	100
1315	228	54	3	1	7	17	100
1316	287	204	11	1	7	26	100
1318	294	202	100	100	1	3	100
1319	228	47	100	1	7	78	100
1320	23	18	13	100	1	18	100
1321	23	40	14	100	1	4	100
1322	166	205	8	1	1	78	100
1323	23	200	100	100	1	4	100
1324	228	208	8	1	7	3	100
1325	17	207	100	100	100	1	100
1326	228	38	13	1	7	13	100
1327	285	1	12	1	1	2	100
1328	228	1	14	1	7	17	100
1329	284	19	100	1	1	9	100
1330	515	131	100	1	2	51	100
1331	14	33	8	1	2	5	2
1332	288	10	4	1	1	3	100
1333	288	1	100	1	1	5	100
1334	285	1	13	1	100	2	100
1335	22	62	16	100	100	2	100
1336	166	18	14	1	1	3	100
1337	22	60	100	100	100	2	6
1338	285	25	1	1	1	2	100
1339	285	1	4	1	1	22	100
1340	291	122	100	100	7	6	100
1341	539	86	3	100	100	2	100
1343	23	71	13	100	7	6	100
1344	23	18	13	1	7	3	100
1345	23	10	4	100	1	59	100
1346	23	19	13	100	14	1	100
1347	23	19	9	100	1	18	100
1348	23	1	3	1	100	2	100
1349	23	40	100	100	7	4	6
1350	23	40	13	100	7	3	100
1351	645	16	8	1	1	45	100
1352	645	16	10	1	23	10	100
1353	515	131	1	100	2	51	100
1354	228	69	13	1	7	20	100
1355	228	69	19	100	7	55	100
1356	228	38	8	1	7	15	100
1357	228	38	9	1	7	55	100
1358	228	1	1	100	7	15	100
1359	228	25	100	1	7	15	100
1360	294	10	13	1	7	49	100
1361	294	10	13	100	2	2	100
1362	294	10	100	100	1	22	100
1363	285	210	8	1	1	9	100
1364	287	1	8	1	7	80	100
1365	23	10	100	100	24	26	100
1366	284	19	3	1	1	9	24
1367	23	10	100	100	7	4	100
1368	1444	25	1	100	100	100	2
1369	228	24	3	1	7	15	100
1370	166	9	1	100	100	1	2
1371	166	5	3	100	7	3	100
1372	645	16	4	1	1	45	100
1373	294	10	3	1	100	100	100
1375	166	24	1	100	100	2	25
1378	23	161	4	1	25	10	100
1379	23	40	3	100	7	3	100
1381	23	211	14	100	7	22	100
1387	288	122	14	1	7	3	100
1388	290	47	8	1	7	21	1
1389	291	19	9	1	7	3	1
1390	1503	42	1	100	10	2	100
1391	14	25	10	1	2	5	100
1392	14	1	8	1	7	3	100
1393	18	18	3	100	100	1	20
1394	538	161	3	100	100	1	100
1395	527	182	100	100	100	2	100
1399	525	1	8	1	1	3	100
1400	22	54	100	100	100	2	100
1401	22	161	14	100	100	7	100
1402	22	161	3	100	100	1	100
1407	537	161	100	100	100	1	6
1408	537	54	100	100	100	1	100
1409	18	54	4	100	100	2	100
1410	18	187	100	100	100	1	100
1411	874	54	100	100	100	1	100
1412	874	83	100	100	100	1	100
1413	536	160	3	100	100	2	100
1414	536	186	14	100	100	1	100
1415	18	185	100	100	100	1	100
1418	18	18	100	100	100	1	100
1420	645	215	11	1	1	10	100
1421	22	18	14	100	100	2	100
1422	22	3	1	100	100	7	100
1423	22	14	1	100	100	7	100
1424	294	10	3	100	14	2	100
1425	21	10	5	1	100	2	100
1427	17	54	14	100	100	100	100
1428	539	161	100	100	100	1	100
1429	18	161	14	100	100	1	100
1430	18	161	100	100	100	1	100
1431	18	10	14	100	100	2	100
1432	18	18	14	100	100	14	100
1433	18	188	14	100	100	1	100
1436	284	214	8	1	7	53	100
1442	538	5	14	100	26	1	100
1443	527	213	100	100	100	2	100
1444	527	214	14	100	100	100	22
1447	285	189	100	1	1	2	100
1449	20	54	14	100	100	2	100
1450	20	25	100	100	6	1	100
1451	23	18	3	1	5	6	100
1452	166	190	13	1	100	100	100
1453	166	19	8	100	1	31	100
1455	228	54	4	100	1	22	100
1457	228	38	13	1	7	55	100
1458	294	10	14	100	100	1	100
1459	294	10	14	100	100	1	26
1460	266	1	14	1	1	1	100
1461	166	24	14	100	100	2	100
1462	1502	39	14	100	100	100	100
1463	1909	1	8	1	1	3	100
1464	1903	47	8	1	7	21	100
1465	17	25	100	1	100	2	100
1466	18	18	100	100	100	27	100
1467	22	62	4	100	100	2	100
1468	287	19	100	1	7	8	100
1469	166	18	4	1	100	2	100
1470	166	161	100	100	1	7	100
1471	266	88	100	1	1	3	100
1472	494	25	100	100	100	1	100
1473	504	19	4	1	100	2	100
1474	504	19	100	1	100	2	100
1475	285	189	8	1	1	2	100
1479	14	33	8	1	2	85	100
1482	20	218	14	100	100	2	100
1483	17	219	100	100	100	1	100
1484	17	221	100	100	100	1	100
1485	166	39	5	100	7	4	100
1487	166	39	1	100	7	4	100
1488	166	39	31	100	7	4	2
1489	287	36	8	1	2	24	2
1490	166	39	13	100	7	4	100
1491	166	39	13	100	100	100	1
1493	288	222	14	1	7	3	100
1494	285	1	100	1	1	22	100
1495	285	10	13	1	1	49	100
1496	285	69	100	1	1	22	100
1497	285	95	13	1	1	22	100
1498	285	96	13	1	1	49	100
1499	1517	218	14	100	100	2	100
1500	228	10	47	1	1	2	100
1501	1548	1	8	1	7	3	29
1504	166	3	3	100	100	100	2
1505	1328	10	100	100	100	7	100
1506	23	193	13	100	7	81	27
1507	266	1	11	1	1	82	100
1508	23	18	13	100	1	83	100
1509	23	40	11	100	7	84	100
1510	279	25	100	100	100	1	100
1511	23	1	1	1	1	3	2
1512	21	39	3	100	7	4	16
1513	166	39	3	100	7	4	100
1514	166	39	11	100	7	86	100
1515	17	57	3	100	100	2	100
1516	20	98	3	1	1	49	100
1517	20	76	13	1	100	2	100
1518	20	98	13	1	1	49	100
1519	285	58	1	1	100	2	29
1526	504	25	100	100	100	27	100
1527	504	25	100	1	100	27	100
1528	504	25	1	1	100	2	100
1529	515	54	13	1	2	34	100
1530	509	18	14	100	1	18	100
1531	519	54	14	100	1	4	100
1532	509	54	14	100	1	2	100
1533	515	78	14	100	100	2	100
1534	534	19	8	1	100	2	100
1535	504	83	100	100	100	7	100
1536	289	69	11	1	1	3	100
1537	285	97	100	1	1	49	100
1538	294	57	100	1	7	7	100
1539	294	18	13	100	100	2	100
1540	285	57	14	1	1	49	100
1541	515	54	14	100	100	2	100
1542	294	101	100	1	100	7	100
1543	285	69	13	1	1	22	100
1544	661	25	1	100	100	2	100
1545	666	35	8	1	100	7	100
1546	667	58	100	1	100	2	100
1547	663	58	100	1	100	2	100
1548	285	115	100	1	1	49	100
1549	515	18	14	100	100	2	100
1550	285	57	100	1	1	49	100
1551	285	54	100	1	1	49	100
1552	166	126	13	1	100	100	100
1553	1277	88	100	100	100	2	100
1554	290	47	13	1	7	21	100
1555	21	36	8	1	7	38	100
1556	1329	49	13	100	7	20	100
1557	1330	29	12	100	100	7	100
1558	515	19	100	1	2	10	100
1559	1331	25	1	100	100	2	100
1560	228	38	13	1	7	1	100
1561	228	38	44	1	7	1	100
1562	23	19	44	1	7	3	100
1563	285	25	44	1	100	32	100
1564	1321	29	44	100	100	7	100
1565	294	159	44	100	100	7	100
1566	668	25	1	100	100	2	100
1567	23	223	13	100	1	22	100
1568	17	224	100	100	100	42	100
1569	23	225	12	100	1	4	100
1570	22	224	100	100	100	2	100
1574	1223	16	8	1	7	3	100
1575	292	1	12	1	7	6	100
1576	293	25	3	1	100	2	100
1577	502	1	8	1	1	3	100
1578	509	1	8	1	1	31	100
1579	513	36	5	1	100	1	100
1580	286	1	3	1	100	2	100
1581	286	18	3	1	100	2	100
1582	498	1	11	1	1	3	100
1583	228	10	100	1	1	49	100
1584	285	10	100	1	100	49	100
1585	294	101	3	1	100	7	100
1586	294	10	13	1	7	7	100
1587	660	1	11	1	1	3	100
1588	662	25	4	1	100	2	100
1589	286	1	100	1	100	2	100
1590	671	1	8	1	1	3	100
1591	20	98	14	1	1	49	100
1592	20	116	100	1	100	2	100
1593	285	10	14	1	1	49	100
1595	1238	10	13	1	7	20	100
1596	1324	16	10	1	1	45	2
1597	1325	1	1	1	1	3	100
1598	1326	1	8	1	100	2	100
1599	166	15	44	1	100	1	100
1600	166	1	5	1	1	3	100
1601	21	1	13	1	1	3	100
1602	166	1	44	1	100	2	100
1603	294	10	13	1	7	22	100
1613	285	1	21	1	1	10	100
1615	288	122	1	1	7	3	100
1621	1548	1	12	13	7	3	100
1632	228	18	100	1	7	15	100
1645	228	54	100	100	100	1	100
1658	23	89	100	100	7	20	100
1659	228	124	14	100	1	20	100
1661	23	89	3	100	7	4	100
1663	23	174	11	100	1	4	100
1664	515	54	100	1	7	20	100
1667	23	174	100	100	1	4	100
1675	23	225	100	100	1	4	100
1687	290	1	12	1	7	3	100
1693	284	1	8	1	1	1	100
1696	875	1	8	1	7	3	100
1700	23	1	8	1	7	23	100
1705	875	1	11	1	7	3	100
1720	294	58	100	100	7	20	100
1724	294	49	100	100	7	20	100
1727	23	54	100	100	7	18	100
1805	288	122	11	1	7	3	100
1809	23	40	1	1	7	4	100
1816	288	122	8	1	7	3	100
1819	166	9	3	100	100	3	100
1845	285	105	1	100	100	2	100
1847	288	19	3	1	1	3	100
1859	294	250	46	100	7	81	100
1869	288	40	1	1	7	3	100
1872	294	10	1	100	100	1	100
1878	166	15	8	1	100	1	100
1882	23	42	13	100	10	2	100
1890	294	10	14	100	1	22	100
1900	23	40	11	100	7	4	100
1902	166	54	1	100	1	22	22
1931	228	10	14	1	7	26	100
1958	23	54	100	100	100	2	100
1966	294	10	13	1	7	7	35
1968	166	283	14	1	100	1	100
1974	288	19	21	100	1	22	100
1993	166	39	11	100	100	100	1
1994	22	3	44	100	100	2	2
1995	22	3	44	100	100	2	100
1996	166	25	42	100	100	100	1
1997	166	9	44	100	100	100	100
1998	166	9	44	100	100	1	100
1999	166	10	100	100	100	7	100
2001	281	9	1	100	100	100	100
2002	282	9	1	100	100	100	2
2004	294	10	44	100	100	7	100
2005	509	54	3	100	7	20	100
2006	509	10	29	100	100	17	100
2007	523	54	100	100	3	100	100
2008	535	82	3	100	100	2	100
2009	543	25	3	100	100	100	100
2010	546	10	14	100	100	7	100
2011	661	25	1	100	100	2	2
2012	670	25	3	100	100	100	2
2013	1236	5	100	100	100	1	100
2014	1327	5	100	100	100	1	100
2015	1327	5	100	100	14	1	100
2016	1550	3	44	100	100	2	2
2017	1224	1	8	1	1	3	100
2018	507	14	100	100	100	1	100
2027	294	15	100	100	100	1	100
2032	294	10	14	100	100	19	10
2047	166	15	1	1	100	1	100
2050	23	19	4	1	100	2	100
2152	294	130	1	100	100	2	100
2154	14	19	100	1	1	3	100
2155	23	290	14	1	100	1	100
2156	23	19	46	100	1	18	100
2157	166	1	21	1	1	40	100
2158	166	24	44	100	100	2	100
2159	228	10	19	100	7	15	100
2160	228	38	4	1	7	26	100
2161	285	1	17	1	2	10	100
2162	285	74	27	100	7	10	100
2163	285	1	17	1	100	2	100
2164	288	2	17	100	1	3	100
2165	291	1	23	1	7	2	100
2166	294	29	3	100	41	7	100
2167	294	29	44	100	100	7	100
2168	294	29	100	100	100	7	2
2169	294	29	44	100	100	7	2
2170	294	10	14	1	7	7	100
2171	1503	42	100	100	10	2	100
2172	815	25	3	100	100	100	1
2187	166	39	100	100	7	4	100
2190	288	19	8	1	1	3	100
2192	166	9	8	100	100	1	100
2193	166	9	21	100	100	100	100
2194	166	9	44	100	100	1	2
2195	23	123	14	100	100	17	100
2196	166	203	3	1	100	1	100
2197	166	54	14	100	1	59	100
2198	166	203	14	1	100	1	100
2199	166	16	13	100	1	49	100
2206	1526	40	1	100	7	4	100
2236	294	15	14	100	100	7	100
2244	23	1	8	1	7	6	1
2248	284	1	13	1	1	1	100
2256	284	1	10	1	7	3	100
2258	21	1	12	1	7	3	100
2277	284	19	8	1	7	3	100
2289	284	19	13	1	1	9	100
2292	875	1	13	1	7	21	100
2302	287	19	13	1	7	3	100
2313	14	1	8	1	1	47	100
2323	290	1	8	1	7	39	100
2339	288	25	46	1	7	3	100
2349	14	33	46	1	7	5	100
2351	228	47	13	1	7	21	100
2352	287	47	14	1	7	21	100
2364	291	16	13	1	7	41	100
2368	228	38	46	1	7	15	100
2395	529	1	8	1	7	122	2
2400	291	16	8	1	7	125	100
2431	288	1	11	1	7	3	100
2438	290	1	13	1	7	3	100
2442	875	25	4	1	7	3	100
2445	284	19	12	1	7	9	100
2448	290	19	11	1	7	3	100
2450	166	1	11	1	1	52	100
2451	529	1	4	1	7	15	2
2457	291	19	8	1	7	3	100
2460	1901	25	8	1	2	10	100
2465	287	36	12	1	2	24	100
2467	1901	25	13	1	2	10	100
2473	21	22	8	1	34	93	100
2479	285	192	8	1	7	1	100
2480	23	40	100	100	1	34	100
2538	23	124	100	100	7	4	6
2548	280	25	100	100	100	1	100
2549	288	1	17	1	1	3	100
2550	286	25	21	1	100	2	100
2551	288	22	24	1	1	3	100
2552	288	69	21	1	1	3	100
2553	22	60	21	100	100	2	100
2554	14	19	17	1	5	2	100
2555	544	3	1	100	100	2	100
2556	527	161	3	100	13	2	100
2557	533	80	100	100	100	1	100
2558	20	19	31	1	100	2	15
2559	285	10	13	1	7	7	100
2560	294	99	14	100	100	7	100
2561	285	10	100	1	7	22	100
2562	294	102	100	1	1	49	100
2563	23	2	17	1	1	3	100
2564	288	2	21	1	1	3	100
2565	166	9	17	100	100	100	100
2566	875	1	4	1	7	15	2
2567	876	1	8	1	1	3	100
2568	228	38	41	1	7	20	100
2569	228	120	12	1	7	43	100
2570	509	54	8	100	1	20	100
2571	645	16	10	1	18	10	100
2572	166	121	13	1	7	3	100
2573	166	25	42	100	19	100	1
2574	14	19	8	3	2	5	100
2575	1278	18	100	100	100	2	100
2576	291	122	12	100	7	6	100
2577	294	54	100	100	100	2	100
2578	288	1	8	1	7	25	100
2579	23	54	1	100	1	4	100
2580	285	25	100	100	100	2	100
2581	23	47	12	1	7	17	100
2582	23	225	14	100	1	4	100
2583	283	1	3	1	1	3	100
2584	266	1	11	9	1	3	100
2585	515	131	12	100	2	51	100
2586	294	5	13	100	100	7	100
2587	22	60	13	100	100	2	100
2588	294	10	100	1	7	26	100
2589	1304	133	3	1	7	48	100
2590	23	1	100	1	7	6	100
2591	1237	18	14	100	100	1	8
2592	1320	10	3	1	7	17	100
2593	23	40	14	100	7	4	100
2594	23	42	100	2	10	2	100
2595	1320	153	3	1	7	17	100
2596	23	40	11	100	7	4	2
2597	166	154	3	100	1	22	100
2598	228	1	12	1	7	55	100
2599	515	131	13	1	2	51	100
2600	228	25	1	1	7	51	100
2601	228	40	13	100	7	4	100
2602	645	155	10	1	1	10	100
2603	1238	156	13	1	7	20	100
2604	228	10	100	100	1	59	100
2605	285	5	1	100	100	100	100
2606	285	157	10	1	1	60	100
2607	266	158	11	1	1	3	2
2608	294	10	19	10	100	7	100
2609	294	9	3	100	100	2	100
2610	23	89	11	100	7	4	100
2611	288	122	14	3	7	3	100
2612	23	89	44	100	7	4	100
2613	23	57	100	100	7	6	100
2614	23	40	100	100	1	20	100
2615	523	10	13	100	100	1	100
2616	509	5	14	100	1	68	100
2617	291	122	44	100	7	6	100
2618	294	240	100	100	7	3	100
2619	291	38	13	100	7	26	100
2620	166	9	3	100	100	1	100
2621	1595	40	13	100	7	4	100
2622	288	226	100	1	1	3	100
2623	294	35	100	1	100	1	100
2624	166	227	4	1	100	1	100
2625	1613	88	8	100	100	19	100
2626	23	201	8	100	1	4	100
2627	507	1	100	100	100	19	100
2628	166	27	44	100	100	100	2
2629	294	69	14	100	100	1	6
2630	23	201	100	100	1	4	100
2631	21	35	100	1	100	7	100
2632	166	50	12	1	100	1	100
2633	21	1	13	1	1	20	100
2634	1613	88	8	100	100	1	100
2635	1614	38	13	1	7	15	100
2636	20	15	3	1	100	1	100
2637	228	228	12	1	7	15	100
2638	23	54	13	1	7	1	100
2639	294	296	3	100	7	20	2
2640	228	261	13	1	7	1	100
2641	23	15	44	100	100	7	100
2642	23	10	54	100	7	18	100
2643	20	19	31	1	100	2	100
2644	1234	3	44	100	100	2	100
2645	22	60	100	2	100	2	100
2646	228	47	12	1	7	26	100
2647	23	216	11	100	7	4	2
2648	228	38	44	1	7	26	100
2649	23	225	14	100	1	3	100
2650	23	105	44	100	100	2	100
2651	23	40	13	2	7	4	100
2652	294	130	3	2	100	2	100
2653	166	1	44	3	100	2	100
2654	288	10	3	1	1	3	100
2655	1444	25	3	100	100	100	100
2656	23	40	44	1	7	4	100
2657	23	1	1	1	100	2	100
2658	22	3	44	100	100	56	100
2659	228	38	12	1	15	26	100
2660	294	10	14	100	7	22	100
2661	294	57	13	100	1	2	100
2662	287	1	12	1	7	15	2
2663	266	1	11	1	1	66	100
2664	228	54	3	100	100	1	100
2665	285	229	19	1	1	22	100
2666	285	10	13	1	7	49	100
2667	20	18	100	1	1	49	100
2668	228	54	100	100	1	49	100
2669	294	230	100	1	1	49	100
2670	23	54	13	100	7	18	100
2671	20	36	5	1	100	1	100
2672	266	19	11	1	5	2	100
2673	20	10	100	100	100	7	100
2674	228	10	3	100	5	7	100
2675	294	10	3	100	3	2	100
2676	18	33	16	1	2	5	100
2677	14	25	8	1	2	3	100
2678	14	1	100	1	2	5	100
2679	23	33	11	1	2	5	100
2680	288	1	100	1	1	5	37
2681	14	232	11	1	1	3	100
2682	14	267	11	1	1	3	100
2683	1834	25	8	1	1	4	100
2684	14	18	16	1	1	3	100
2685	14	33	8	1	2	3	100
2686	14	1	8	1	1	3	2
2687	14	1	100	1	1	3	100
2688	288	54	13	1	7	3	100
2689	531	1	11	1	1	23	100
2690	14	1	8	1	1	3	6
2691	14	25	11	1	2	5	100
2692	525	1	17	1	1	3	100
2693	1834	25	100	1	2	5	100
2694	14	1	8	1	1	4	100
2695	288	1	11	1	23	5	100
2696	288	1	100	1	23	3	100
2697	14	232	26	1	1	3	100
2698	14	1	11	1	1	47	100
2699	23	304	14	100	1	18	100
2700	23	1	9	1	1	3	100
2701	166	1	100	1	3	37	100
2702	529	1	8	1	3	37	100
2703	166	1	8	1	3	37	100
2704	1835	123	14	1	100	100	100
2705	266	174	100	100	7	20	100
2706	166	40	1	100	100	100	100
2707	166	40	44	100	100	100	100
2708	1595	222	14	1	7	3	100
2709	288	122	54	1	7	3	100
2710	23	14	100	100	100	115	100
2711	166	18	19	100	1	59	100
2712	166	1	14	1	100	2	100
2713	291	89	4	100	7	2	100
2714	2246	19	100	1	25	3	100
2715	166	39	44	100	7	4	100
2716	507	168	44	1	7	1	100
2717	285	10	13	1	1	22	100
2718	228	19	14	100	7	3	100
2719	228	47	3	100	1	17	100
2720	509	10	14	100	1	68	100
2721	285	1	1	100	1	22	100
2722	1321	29	44	100	100	7	7
2723	294	54	14	100	1	22	100
2724	23	1	100	100	100	2	100
2725	23	50	44	100	100	7	2
2726	23	10	13	100	1	26	100
2727	288	122	44	1	7	3	100
2728	23	50	1	100	100	7	2
2729	228	163	12	100	7	20	100
2730	288	122	8	1	7	15	100
2731	166	39	44	100	100	100	100
2732	288	54	14	1	7	3	100
2733	515	131	44	100	2	51	100
2734	166	9	44	100	1	4	100
2735	284	172	8	1	1	9	100
2736	1516	16	12	1	7	23	100
2737	287	1	52	1	7	3	100
2738	517	1	11	1	7	22	100
2739	1901	25	13	1	2	10	1
2740	287	36	37	1	2	24	100
2741	645	16	8	1	1	10	100
2742	14	19	17	1	2	5	100
2743	291	19	12	1	7	3	1
2744	23	19	12	1	7	8	100
2745	287	36	8	1	2	1	100
2746	21	22	12	1	34	93	100
2747	20	16	8	1	7	3	100
2748	291	19	4	1	2	3	100
2749	285	19	8	1	7	3	100
2750	285	19	8	1	7	4	100
2751	21	1	12	1	1	23	100
2752	284	19	8	1	1	10	100
2753	291	1	12	1	7	3	100
2754	875	1	4	1	7	3	100
2755	1901	47	13	1	7	21	100
2756	290	19	7	1	7	3	100
2757	23	36	8	1	7	39	2
2758	290	36	12	1	7	8	100
2759	291	16	11	1	7	41	100
2760	20	16	10	1	7	3	100
2761	284	19	8	1	1	100	100
2762	284	47	13	1	7	21	100
2763	875	47	13	1	7	21	100
2764	291	1	8	1	1	1	100
2765	284	1	11	1	1	22	100
2766	291	1	8	1	7	8	100
2767	1901	25	13	1	2	3	100
2768	875	19	13	1	21	3	100
2769	875	16	8	1	7	3	100
2770	291	19	11	1	2	3	100
2771	290	16	8	1	7	3	100
2772	284	19	4	1	1	31	100
2773	284	16	13	1	7	3	100
2774	285	19	12	1	7	9	100
2775	21	19	8	1	7	3	100
2776	645	22	8	1	1	10	100
2777	287	192	8	1	1	3	2
2778	287	1	8	1	1	3	100
2779	284	36	8	1	1	1	100
2780	291	1	13	1	7	62	100
2781	288	22	13	1	1	100	100
2782	23	274	100	100	1	4	100
2783	287	16	4	1	7	15	100
2784	529	1	4	1	7	6	100
2785	284	1	14	1	1	3	100
2786	166	1	11	1	1	22	2
2787	291	1	10	1	7	3	100
2788	285	22	8	1	7	4	100
2789	228	47	13	1	21	21	100
2790	284	1	21	1	7	3	100
2791	291	19	13	1	7	3	100
2792	287	1	8	1	1	22	100
2793	875	1	8	1	21	3	100
2794	284	19	8	1	1	8	100
2795	287	59	11	1	7	3	100
2796	1912	1	12	1	1	3	2
2797	290	1	52	1	7	2	100
2798	21	19	8	1	1	9	100
2799	20	1	11	1	7	2	100
2800	284	19	8	1	1	9	1
2801	287	59	100	1	21	3	100
2802	290	25	12	1	7	3	100
2803	228	47	12	1	7	21	100
2804	1614	47	13	1	7	21	100
2805	284	19	11	1	7	9	100
2806	529	16	12	1	7	3	100
2807	284	19	100	1	1	22	100
2808	290	16	12	1	7	6	100
2809	166	1	11	1	7	22	100
2810	228	47	11	1	7	21	100
2811	1903	19	8	1	7	9	100
2812	288	1	8	1	1	121	100
2813	288	1	8	1	1	121	1
2814	20	19	8	1	7	3	100
2815	23	19	23	1	7	3	1
2816	515	161	14	1	7	3	100
2817	285	25	44	1	100	2	100
2818	668	25	44	100	100	2	100
2819	509	10	100	100	100	17	100
2820	294	10	44	100	100	1	100
2821	21	9	1	100	100	1	100
2822	509	10	29	100	100	17	12
2823	539	123	100	100	100	2	100
2824	266	42	100	100	10	2	100
2825	1525	40	11	100	7	4	100
2826	228	161	14	100	100	7	100
2827	17	10	44	100	100	7	100
2828	23	59	14	100	100	7	100
2829	291	38	8	1	7	26	100
2830	166	1	44	100	100	100	100
2831	23	14	14	100	100	100	100
2832	283	1	44	1	1	3	100
2833	21	9	44	100	100	1	100
2834	23	150	100	100	100	7	100
2835	20	127	1	100	100	7	100
2836	228	18	100	100	100	100	100
2837	291	206	3	1	7	6	100
2838	23	10	1	100	100	7	100
2839	228	14	100	100	100	100	100
2840	17	10	1	100	100	7	100
2841	23	25	44	100	100	2	100
2842	23	105	3	100	100	2	100
2843	291	122	8	100	7	6	100
2844	20	25	44	100	100	7	100
2845	509	10	100	100	100	2	100
2846	266	1	44	1	1	3	100
2847	294	5	44	100	100	7	100
2848	228	38	8	1	7	26	100
2849	228	14	14	100	100	100	100
2850	502	1	44	1	1	3	100
2851	228	38	44	1	7	15	100
2852	288	1	44	1	1	23	100
2853	645	16	44	1	1	10	100
2854	17	162	44	100	100	1	100
2855	813	9	44	100	100	100	100
2856	20	25	44	100	100	1	100
2857	17	5	44	100	100	1	100
2858	166	9	44	1	100	100	100
2859	284	19	44	1	1	9	100
2860	294	11	54	100	100	2	100
2861	166	170	44	1	100	1	100
2862	166	9	44	100	100	100	2
2863	494	25	4	1	5	2	100
2864	1534	25	44	100	100	100	2
2865	166	27	44	100	100	100	100
2866	288	1	11	1	1	3	12
2867	288	1	44	1	1	3	100
2868	288	1	44	1	1	3	2
2869	1323	25	44	1	100	2	2
2870	535	82	14	100	22	2	100
2871	23	174	3	100	7	4	100
2872	288	38	10	1	1	3	2
2873	515	54	100	100	100	1	100
2874	166	169	3	1	100	7	100
2875	291	122	3	100	7	6	100
2876	285	1	20	1	1	3	100
2877	294	130	100	100	100	2	100
2878	509	35	44	1	7	15	100
2879	509	35	1	1	7	15	100
2880	14	38	100	1	7	26	100
2881	166	122	100	1	7	6	100
2882	284	122	100	100	7	6	100
2883	288	1	14	1	7	3	100
2884	166	39	11	100	1	3	100
2885	166	39	3	100	100	100	100
2886	509	54	13	100	7	20	100
2887	294	18	3	100	1	18	100
2888	23	245	8	100	2	26	100
2889	166	1	3	1	100	2	100
2890	22	19	8	1	1	9	100
2891	288	58	3	1	1	3	100
2892	228	25	100	1	7	43	100
2893	23	245	3	100	2	26	100
2894	1444	25	44	100	100	100	2
2998	23	19	1	1	1	9	100
3018	288	122	100	1	7	3	100
3074	294	130	8	100	100	2	100
3171	1147	1	1	1	100	2	100
3178	294	57	100	100	1	22	100
3179	294	10	14	1	1	111	100
3180	294	81	19	100	7	22	100
3181	294	76	100	1	7	49	100
3182	20	10	100	100	1	22	100
3183	23	10	13	100	1	22	100
3184	23	10	14	100	7	22	100
3185	23	10	13	100	7	22	100
3186	23	343	100	100	1	22	100
3207	1822	33	100	1	1	5	100
3208	1822	33	100	1	45	5	100
3209	1822	33	100	1	2	5	100
3210	1821	33	49	1	2	5	100
3211	1822	33	11	1	2	5	100
3212	1832	232	11	1	1	3	100
3214	1822	231	11	1	2	5	100
3274	23	40	11	100	7	4	6
3280	23	19	100	1	100	3	100
3308	23	18	13	100	7	20	100
3309	23	19	44	1	1	9	100
3310	166	122	100	100	7	6	100
3311	228	25	12	1	7	43	100
3312	228	38	14	1	7	15	12
3313	266	69	11	1	1	3	100
3314	284	19	14	1	1	9	100
3315	287	307	44	1	1	3	100
3316	294	9	44	100	100	100	100
3317	294	15	3	100	100	100	100
3318	294	18	13	1	7	15	100
3319	507	10	100	100	100	7	100
3320	645	142	100	1	1	10	100
3321	664	19	3	1	7	3	100
3322	1780	40	21	100	7	4	100
3323	1874	89	44	100	7	4	100
3327	2362	130	3	100	100	2	100
3328	1925	9	1	100	100	7	100
3329	2361	15	100	100	100	7	100
3330	17	374	100	100	100	1	100
3331	645	373	10	1	1	10	100
3488	504	25	100	1	100	2	100
3490	17	224	100	100	100	2	100
